Geneid	sample_0	sample_1	sample_2	sample_3	sample_4	sample_5
ENSG00000277248	0	0	0	0	0	0
ENSG00000283047	0	0	0	0	0	0
ENSG00000280363	548	547	540	210	212	209
ENSG00000279973	75	75	82	1145	1145	1143
ENSG00000226444	0	0	0	0	0	0
ENSG00000276871	0	0	0	0	0	0
ENSG00000283023	0	0	0	0	0	0
ENSG00000276138	0	0	0	0	0	0
ENSG00000280341	0	0	0	0	0	0
ENSG00000236235	0	0	0	0	0	0
ENSG00000279442	0	0	0	0	0	0
ENSG00000184624	0	0	0	0	0	0
ENSG00000236097	0	0	0	0	0	0
ENSG00000236831	0	0	0	0	0	0
ENSG00000130538	96	95	98	241	240	240
ENSG00000237299	0	0	0	0	0	0
ENSG00000235759	0	0	0	0	0	0
ENSG00000233408	0	0	0	0	0	0
ENSG00000215268	0	0	0	0	0	0
ENSG00000213727	0	0	0	0	0	0
ENSG00000230643	0	0	0	0	0	0
ENSG00000230471	0	0	0	0	0	0
ENSG00000231565	0	0	0	0	0	0
ENSG00000226474	0	0	0	0	0	0
ENSG00000224435	0	0	0	0	0	0
ENSG00000234381	0	0	0	0	0	0
ENSG00000198062	0	0	0	0	0	0
ENSG00000236666	0	0	0	0	0	0
ENSG00000212216	0	0	0	0	0	0
ENSG00000241838	0	0	0	0	0	0
ENSG00000225255	0	0	0	0	0	0
ENSG00000235992	0	0	0	0	0	0
ENSG00000206195	0	0	0	0	0	0
ENSG00000271127	0	0	0	0	0	0
ENSG00000232775	0	0	0	0	0	0
ENSG00000272872	0	0	0	0	0	0
ENSG00000271672	0	0	0	0	0	0
ENSG00000223875	0	0	0	0	0	0
ENSG00000215270	0	0	0	0	0	0
ENSG00000229286	0	0	0	0	0	0
ENSG00000233866	0	0	0	0	0	0
ENSG00000278188	0	0	0	0	0	0
ENSG00000225293	0	0	0	0	0	0
ENSG00000226160	0	0	0	0	0	0
ENSG00000229658	0	0	0	0	0	0
ENSG00000227367	0	0	0	0	0	0
ENSG00000280263	0	0	0	0	0	0
ENSG00000235969	0	0	0	0	0	0
ENSG00000273362	0	0	0	0	0	0
ENSG00000233995	0	0	0	0	0	0
ENSG00000239435	0	0	0	0	0	0
ENSG00000198445	3106	3122	3126	236	247	257
ENSG00000240122	0	0	0	0	0	0
ENSG00000100181	0	0	0	0	0	0
ENSG00000283633	0	0	0	0	0	0
ENSG00000267338	0	0	0	0	0	0
ENSG00000249288	0	0	0	0	0	0
ENSG00000249263	0	0	0	0	0	0
ENSG00000189295	0	0	0	0	0	0
ENSG00000259271	0	0	0	0	0	0
ENSG00000273244	0	0	0	0	0	0
ENSG00000241717	0	0	0	0	0	0
ENSG00000235343	0	0	0	0	0	0
ENSG00000172967	208	207	190	236	240	227
ENSG00000229027	0	0	0	0	0	0
ENSG00000234121	0	0	0	0	0	0
ENSG00000283535	0	0	0	0	0	0
ENSG00000237835	0	0	0	0	0	0
ENSG00000220248	0	0	0	0	0	0
ENSG00000237689	0	0	0	0	0	0
ENSG00000228122	0	0	0	0	0	0
ENSG00000237358	0	0	0	0	0	0
ENSG00000225480	0	0	0	0	0	0
ENSG00000230481	0	0	0	0	0	0
ENSG00000253691	0	0	0	0	0	0
ENSG00000253460	0	0	0	0	0	0
ENSG00000254264	0	0	0	0	0	0
ENSG00000253481	0	0	0	0	0	0
ENSG00000280156	0	0	0	0	0	0
ENSG00000215568	0	0	0	0	0	0
ENSG00000270226	0	0	0	0	0	0
ENSG00000276400	0	0	0	0	0	0
ENSG00000237438	0	0	0	0	0	0
ENSG00000273203	0	0	0	0	0	0
ENSG00000273442	0	0	0	0	0	0
ENSG00000177663	89	92	88	179	183	184
ENSG00000235328	0	0	0	0	0	0
ENSG00000183307	101	103	104	87	81	84
ENSG00000235478	0	0	0	0	0	0
ENSG00000069998	319	337	328	189	184	198
ENSG00000185837	0	0	0	0	0	0
ENSG00000093072	206	212	216	127	119	113
ENSG00000236325	0	0	0	0	0	0
ENSG00000203416	0	0	0	0	0	0
ENSG00000241832	0	0	0	0	0	0
ENSG00000231004	0	0	0	0	0	0
ENSG00000239547	0	0	0	0	0	0
ENSG00000099954	249	246	254	4148	4141	4135
ENSG00000229492	0	0	0	0	0	0
ENSG00000232305	0	0	0	0	0	0
ENSG00000228045	0	0	0	0	0	0
ENSG00000182902	302	298	299	194	179	188
ENSG00000236754	0	0	0	0	0	0
ENSG00000131100	161	163	164	1755	1801	1748
ENSG00000099968	203	205	203	1457	1443	1443
ENSG00000015475	69	67	66	845	828	849
ENSG00000264757	0	0	0	0	0	0
ENSG00000269220	0	0	0	0	0	0
ENSG00000243156	143	136	140	66	68	74
ENSG00000093100	0	0	0	0	0	0
ENSG00000207780	0	0	0	0	0	0
ENSG00000235445	0	0	0	0	0	0
ENSG00000234913	0	0	0	0	0	0
ENSG00000237446	0	0	0	0	0	0
ENSG00000235295	0	0	0	0	0	0
ENSG00000225335	0	0	0	0	0	0
ENSG00000215193	3650	3626	3643	318	297	294
ENSG00000236890	0	0	0	0	0	0
ENSG00000235617	0	0	0	0	0	0
ENSG00000225225	0	0	0	0	0	0
ENSG00000183785	106	103	106	57	65	63
ENSG00000280007	0	0	0	0	0	0
ENSG00000184979	247	257	241	112	125	115
ENSG00000187979	0	0	0	0	0	0
ENSG00000276160	0	1	1	0	0	0
ENSG00000274044	0	0	0	0	0	0
ENSG00000276874	0	0	0	0	0	0
ENSG00000275060	0	0	0	0	0	0
ENSG00000277017	0	0	0	0	0	0
ENSG00000277870	0	0	0	0	0	0
ENSG00000278044	0	0	0	0	0	0
ENSG00000274252	8	14	13	22	16	24
ENSG00000275319	0	0	0	0	0	0
ENSG00000277690	0	0	0	0	0	0
ENSG00000278558	4	2	5	5	3	4
ENSG00000274602	0	0	0	0	1	1
ENSG00000274625	0	0	0	0	0	0
ENSG00000222630	0	0	0	0	0	0
ENSG00000275793	14	15	10	2	9	10
ENSG00000275362	0	0	0	0	0	0
ENSG00000278110	0	0	0	0	0	0
ENSG00000273907	0	0	0	0	0	0
ENSG00000273643	0	0	0	0	0	0
ENSG00000278008	0	0	0	0	0	0
ENSG00000182824	0	0	0	0	0	0
ENSG00000197421	0	0	3	0	0	0
ENSG00000239989	0	0	0	0	0	0
ENSG00000234764	0	0	0	0	0	0
ENSG00000161103	0	0	0	0	0	0
ENSG00000215544	0	0	0	0	0	0
ENSG00000276095	0	0	0	0	0	0
ENSG00000279987	0	0	0	0	0	0
ENSG00000183628	0	3	0	0	1	1
ENSG00000100033	317	298	305	172	170	176
ENSG00000279560	65	66	67	121	105	114
ENSG00000280418	0	0	0	0	0	0
ENSG00000237517	0	0	0	0	0	0
ENSG00000283406	0	0	0	0	0	0
ENSG00000283583	0	0	0	0	0	0
ENSG00000271275	0	0	0	0	0	0
ENSG00000283366	0	0	0	0	0	0
ENSG00000273032	0	0	0	0	0	0
ENSG00000270393	0	0	0	0	0	0
ENSG00000273164	0	0	0	0	0	0
ENSG00000241527	0	0	0	0	0	0
ENSG00000070413	166	171	176	193	188	177
ENSG00000206739	0	0	0	0	0	0
ENSG00000273311	0	0	0	0	0	0
ENSG00000237347	0	0	0	0	0	0
ENSG00000281530	0	0	0	0	0	0
ENSG00000223461	0	0	0	0	0	0
ENSG00000272682	0	0	0	0	0	0
ENSG00000231086	0	0	0	0	0	0
ENSG00000100056	65	63	66	101	104	105
ENSG00000206203	296	288	289	260	262	262
ENSG00000063515	461	473	471	159	161	154
ENSG00000260924	0	0	0	0	0	0
ENSG00000100075	266	258	257	408	416	408
ENSG00000070371	0	0	0	0	0	0
ENSG00000230194	0	0	0	0	0	0
ENSG00000251940	0	0	0	0	0	0
ENSG00000233471	0	0	0	0	0	0
ENSG00000100084	108	96	102	1626	1680	1699
ENSG00000242259	1	4	7	6	2	5
ENSG00000244296	0	0	0	0	0	0
ENSG00000185608	248	249	236	421	418	414
ENSG00000185065	0	0	0	0	0	0
ENSG00000070010	168	173	163	82	83	85
ENSG00000273300	0	0	0	0	0	0
ENSG00000273212	0	0	0	0	0	0
ENSG00000093009	247	239	249	284	281	283
ENSG00000184113	218	221	208	189	179	185
ENSG00000281548	0	0	0	0	0	0
ENSG00000230485	0	0	0	0	0	0
ENSG00000225007	0	0	0	0	0	0
ENSG00000184702	0	0	0	0	0	0
ENSG00000203618	0	0	0	0	0	0
ENSG00000184058	416	427	428	278	268	278
ENSG00000185838	246	247	249	141	142	133
ENSG00000235776	0	0	0	0	0	0
ENSG00000215012	96	97	90	170	167	172
ENSG00000184470	312	313	328	211	189	208
ENSG00000232926	0	0	0	0	0	0
ENSG00000093010	1137	1142	1141	197	194	194
ENSG00000099889	291	293	281	312	318	322
ENSG00000183597	286	288	289	222	218	225
ENSG00000208023	0	0	0	0	0	0
ENSG00000236540	0	0	0	0	0	0
ENSG00000268292	0	0	0	0	0	0
ENSG00000277950	0	0	0	0	0	0
ENSG00000128191	503	504	499	242	251	248
ENSG00000243762	0	0	0	0	0	0
ENSG00000099899	54	55	61	283	286	285
ENSG00000278278	0	0	0	0	0	0
ENSG00000099901	606	586	598	300	305	321
ENSG00000264346	0	0	0	0	0	0
ENSG00000099904	0	0	0	0	0	0
ENSG00000234409	1830	1861	1850	142	137	128
ENSG00000249923	0	0	0	0	0	0
ENSG00000236499	0	0	0	0	0	0
ENSG00000040608	171	160	160	1211	1226	1214
ENSG00000221039	0	0	0	0	0	0
ENSG00000161132	0	0	1	1	1	1
ENSG00000128185	260	277	247	142	118	125
ENSG00000273343	0	0	0	0	0	0
ENSG00000273139	0	0	0	0	0	0
ENSG00000188280	0	0	0	0	0	0
ENSG00000235578	0	0	0	0	0	0
ENSG00000161133	42	62	44	86	108	97
ENSG00000185252	268	272	283	341	355	342
ENSG00000207343	0	0	0	0	0	0
ENSG00000244486	257	251	269	235	233	261
ENSG00000277971	0	0	0	0	0	0
ENSG00000099910	72	70	69	85	87	86
ENSG00000215493	0	0	0	0	0	0
ENSG00000255156	0	0	0	0	0	0
ENSG00000201916	0	0	0	0	0	0
ENSG00000242876	0	0	0	0	0	0
ENSG00000236670	0	0	0	0	0	0
ENSG00000099917	206	214	216	325	320	311
ENSG00000236003	0	0	0	0	0	0
ENSG00000250261	0	0	0	0	0	0
ENSG00000223553	0	0	0	0	0	0
ENSG00000276427	0	0	0	0	0	0
ENSG00000238125	0	0	0	0	0	0
ENSG00000229107	0	0	0	0	0	0
ENSG00000217261	0	0	0	0	0	0
ENSG00000235062	0	0	0	0	0	0
ENSG00000226287	2	1	3	2	1	4
ENSG00000241973	102	99	95	887	886	888
ENSG00000099937	3446	3453	3446	221	225	232
ENSG00000099940	300	279	300	748	764	781
ENSG00000272600	0	0	0	0	0	0
ENSG00000099942	458	462	449	236	238	231
ENSG00000237476	0	0	0	0	0	0
ENSG00000183773	496	491	484	216	215	207
ENSG00000099949	133	138	135	145	137	134
ENSG00000272829	0	0	0	0	0	0
ENSG00000184436	907	917	909	260	247	261
ENSG00000230513	0	0	0	0	0	0
ENSG00000161149	0	0	0	0	0	0
ENSG00000099957	0	0	0	0	0	0
ENSG00000099960	178	167	167	1110	1099	1109
ENSG00000226872	0	0	0	0	0	0
ENSG00000207575	0	0	0	0	0	0
ENSG00000206145	0	0	0	0	0	0
ENSG00000187905	395	401	403	185	195	190
ENSG00000249680	0	0	0	0	0	0
ENSG00000169668	0	0	0	0	0	0
ENSG00000197210	0	0	0	0	0	0
ENSG00000239511	0	0	0	0	0	0
ENSG00000224688	0	0	0	0	0	0
ENSG00000215498	0	0	0	0	0	0
ENSG00000234503	0	0	0	0	0	0
ENSG00000133475	51	37	39	15	12	12
ENSG00000283145	0	0	0	0	0	0
ENSG00000226885	0	0	0	0	0	0
ENSG00000229266	0	0	0	0	0	0
ENSG00000169662	0	0	0	0	0	0
ENSG00000206142	0	0	0	0	0	0
ENSG00000237407	0	0	0	0	0	0
ENSG00000232771	0	0	0	0	0	0
ENSG00000279920	0	0	0	0	0	0
ENSG00000226534	0	0	0	0	0	0
ENSG00000273846	0	0	0	0	0	0
ENSG00000274600	2	7	3	9	13	6
ENSG00000200057	0	0	0	0	0	0
ENSG00000252020	0	0	0	0	0	0
ENSG00000275840	0	0	0	0	0	0
ENSG00000169635	206	195	207	289	291	280
ENSG00000276800	0	0	0	0	0	0
ENSG00000206140	8	10	4	7	12	9
ENSG00000183506	0	0	0	2	0	0
ENSG00000252143	0	0	0	0	0	0
ENSG00000222352	0	0	0	0	0	0
ENSG00000183246	4	6	4	4	4	3
ENSG00000185651	129	123	123	98	92	99
ENSG00000275293	0	0	0	0	0	0
ENSG00000161179	159	150	150	146	145	147
ENSG00000161180	267	269	267	220	212	210
ENSG00000273342	0	0	0	0	0	0
ENSG00000128228	174	172	178	209	209	208
ENSG00000207751	0	0	0	0	0	0
ENSG00000212102	0	0	0	0	0	0
ENSG00000272954	0	0	0	0	0	0
ENSG00000100023	47	54	32	47	41	47
ENSG00000100027	0	0	0	0	0	0
ENSG00000244671	0	0	0	0	0	0
ENSG00000100030	260	270	265	350	350	353
ENSG00000200985	0	0	0	0	0	0
ENSG00000225544	0	0	0	0	0	0
ENSG00000100034	408	420	408	238	243	228
ENSG00000224086	0	0	0	0	0	0
ENSG00000100038	180	176	180	127	107	121
ENSG00000197549	0	0	0	0	0	0
ENSG00000253239	0	0	0	0	0	0
ENSG00000211637	0	0	0	0	0	0
ENSG00000254355	0	0	0	0	0	0
ENSG00000278657	0	0	0	0	0	0
ENSG00000249333	0	0	0	0	0	0
ENSG00000253794	0	0	0	0	0	0
ENSG00000228161	0	0	0	0	0	0
ENSG00000253874	0	0	0	0	0	0
ENSG00000254075	0	0	0	0	0	0
ENSG00000254161	0	0	0	0	0	0
ENSG00000253242	0	0	0	0	0	0
ENSG00000253752	0	0	0	0	0	0
ENSG00000253823	0	0	0	0	0	0
ENSG00000275361	0	0	0	0	0	0
ENSG00000211638	0	0	0	0	0	0
ENSG00000225741	0	0	0	0	0	0
ENSG00000263366	0	0	0	0	0	0
ENSG00000236118	0	0	0	0	0	0
ENSG00000233720	0	0	0	0	0	0
ENSG00000211639	0	0	0	0	0	0
ENSG00000227710	0	0	0	0	0	0
ENSG00000224465	0	0	0	0	0	0
ENSG00000254308	0	0	0	0	0	0
ENSG00000253637	0	0	0	0	0	0
ENSG00000236323	0	0	0	0	0	0
ENSG00000211640	0	0	0	0	0	0
ENSG00000253126	0	0	0	0	0	0
ENSG00000211641	0	0	0	0	0	0
ENSG00000211642	0	0	0	0	0	0
ENSG00000253935	0	0	0	0	0	0
ENSG00000228050	0	0	0	0	0	0
ENSG00000234726	0	0	0	0	0	0
ENSG00000169575	138	135	138	68	63	61
ENSG00000279278	0	0	0	0	0	0
ENSG00000274422	0	0	0	0	0	0
ENSG00000234630	0	0	0	0	0	0
ENSG00000236850	0	0	0	0	0	0
ENSG00000272779	0	0	0	0	0	0
ENSG00000211643	0	0	0	0	0	0
ENSG00000211644	0	0	0	0	0	0
ENSG00000211645	0	0	0	0	0	0
ENSG00000225724	0	0	0	0	0	0
ENSG00000223350	0	0	0	0	0	0
ENSG00000232515	0	0	0	0	0	0
ENSG00000211647	0	0	0	0	0	0
ENSG00000211648	0	0	0	0	0	0
ENSG00000237428	0	0	0	0	0	0
ENSG00000211649	0	0	0	0	0	0
ENSG00000232603	0	0	0	0	0	0
ENSG00000211650	0	0	0	0	0	0
ENSG00000211651	0	0	0	0	0	0
ENSG00000211652	0	0	0	0	0	0
ENSG00000254175	0	0	0	0	0	0
ENSG00000254073	0	0	0	0	0	0
ENSG00000253818	0	0	0	0	0	0
ENSG00000211653	0	0	0	0	0	0
ENSG00000224144	0	0	0	0	0	0
ENSG00000253889	0	0	0	0	0	0
ENSG00000211654	0	0	0	0	0	0
ENSG00000211655	0	0	0	0	0	0
ENSG00000230821	0	0	0	0	0	0
ENSG00000253631	0	0	0	0	0	0
ENSG00000226595	0	0	0	0	0	0
ENSG00000275004	124	115	120	125	123	120
ENSG00000169548	199	194	182	292	300	289
ENSG00000185686	297	321	308	355	352	354
ENSG00000220891	0	0	0	0	0	0
ENSG00000253120	0	0	0	0	0	0
ENSG00000211656	0	0	0	0	0	0
ENSG00000211657	0	0	0	0	0	0
ENSG00000253920	0	0	0	0	0	0
ENSG00000253329	0	0	0	0	0	0
ENSG00000215456	0	0	0	0	0	0
ENSG00000183169	0	0	0	0	0	0
ENSG00000100121	205	208	216	17	26	19
ENSG00000253338	0	0	0	0	0	0
ENSG00000253451	0	0	0	0	0	0
ENSG00000211658	0	0	0	0	0	0
ENSG00000253913	0	0	0	0	0	0
ENSG00000253779	0	0	0	0	0	0
ENSG00000211659	0	0	0	0	0	0
ENSG00000232350	0	0	0	0	0	0
ENSG00000223999	0	0	0	0	0	0
ENSG00000253822	0	0	0	0	0	0
ENSG00000211660	0	0	0	0	0	0
ENSG00000253546	0	0	0	0	0	0
ENSG00000211661	0	0	0	0	0	0
ENSG00000211662	0	0	0	0	0	0
ENSG00000254240	0	0	0	0	0	0
ENSG00000211663	0	0	0	0	0	0
ENSG00000278667	0	0	0	0	0	0
ENSG00000211664	0	0	0	0	0	0
ENSG00000253152	0	0	0	0	0	0
ENSG00000211665	0	0	0	0	0	0
ENSG00000253786	0	0	0	0	0	0
ENSG00000211666	0	0	0	0	0	0
ENSG00000253590	0	0	0	0	0	0
ENSG00000211667	0	0	0	0	0	0
ENSG00000231392	0	0	0	0	0	0
ENSG00000275772	0	0	0	0	0	0
ENSG00000211668	0	0	0	0	0	0
ENSG00000274381	0	0	0	0	0	0
ENSG00000211669	0	0	0	0	0	0
ENSG00000226477	0	0	0	0	0	0
ENSG00000211670	0	0	0	0	0	0
ENSG00000278196	0	0	0	0	0	0
ENSG00000237127	0	0	0	0	0	0
ENSG00000254077	0	0	0	0	0	0
ENSG00000253448	0	0	0	0	0	0
ENSG00000253234	0	0	0	0	0	0
ENSG00000226420	0	0	0	0	0	0
ENSG00000211672	0	0	0	0	0	0
ENSG00000253963	0	0	0	0	0	0
ENSG00000211673	0	0	0	0	0	0
ENSG00000264824	0	0	0	0	0	0
ENSG00000254709	0	0	0	0	0	0
ENSG00000211674	0	0	0	0	0	0
ENSG00000211675	0	0	0	0	0	0
ENSG00000211676	0	0	0	0	0	0
ENSG00000211677	0	0	0	0	0	0
ENSG00000211678	0	0	0	0	0	0
ENSG00000211679	0	0	0	0	0	0
ENSG00000211680	0	0	0	0	0	0
ENSG00000254029	0	0	0	0	0	0
ENSG00000211681	0	0	0	0	0	0
ENSG00000254030	0	0	0	0	0	0
ENSG00000211682	0	0	0	0	0	0
ENSG00000222037	0	0	0	0	0	0
ENSG00000211684	0	0	0	0	0	0
ENSG00000211685	0	0	0	0	0	0
ENSG00000237472	0	0	0	0	0	0
ENSG00000223679	0	0	0	0	0	0
ENSG00000100218	233	233	227	161	155	162
ENSG00000128266	112	110	110	406	408	407
ENSG00000283438	0	0	0	0	0	0
ENSG00000275635	0	0	0	0	0	0
ENSG00000100228	263	257	246	390	394	407
ENSG00000186716	0	0	0	0	0	0
ENSG00000236794	0	0	0	0	0	0
ENSG00000240160	0	0	0	0	0	0
ENSG00000230701	0	0	0	0	0	0
ENSG00000214526	0	0	0	0	0	0
ENSG00000236611	0	0	0	0	0	0
ENSG00000215478	0	0	0	0	0	0
ENSG00000133519	0	0	0	0	0	0
ENSG00000248409	1	2	1	1	0	0
ENSG00000234928	0	0	0	0	0	0
ENSG00000227755	0	0	0	0	0	0
ENSG00000178248	0	0	0	0	0	0
ENSG00000225413	0	0	0	0	0	0
ENSG00000280623	0	0	0	0	0	0
ENSG00000224277	0	0	0	0	0	0
ENSG00000128322	104	110	106	155	169	158
ENSG00000272733	0	0	0	0	0	0
ENSG00000278655	0	0	0	0	0	0
ENSG00000189269	238	243	243	51	51	63
ENSG00000275609	0	0	0	0	0	0
ENSG00000211683	0	0	0	0	0	0
ENSG00000228315	0	0	0	0	0	0
ENSG00000234353	0	0	0	0	0	0
ENSG00000244723	0	0	0	0	0	0
ENSG00000273000	0	0	0	0	0	0
ENSG00000272578	0	0	0	0	0	0
ENSG00000159496	109	115	114	66	65	64
ENSG00000187792	2525	2527	2527	272	263	250
ENSG00000128218	312	296	314	713	709	710
ENSG00000169314	284	273	263	270	280	283
ENSG00000250479	183	193	177	186	190	195
ENSG00000099953	225	220	228	138	144	146
ENSG00000280178	152	146	143	123	120	123
ENSG00000099956	52	54	57	121	130	126
ENSG00000099958	264	273	280	287	293	284
ENSG00000272973	0	0	0	0	0	0
ENSG00000133460	196	216	215	144	160	148
ENSG00000251357	0	0	0	0	0	0
ENSG00000279467	0	0	0	0	0	0
ENSG00000244425	0	0	0	0	0	0
ENSG00000240972	64	53	54	352	373	370
ENSG00000218537	0	0	0	0	0	0
ENSG00000273295	0	0	0	0	0	0
ENSG00000225282	0	0	0	0	0	0
ENSG00000206090	0	0	0	0	0	0
ENSG00000231271	0	0	0	0	0	0
ENSG00000133433	12	18	15	41	30	32
ENSG00000228039	0	0	0	0	0	0
ENSG00000099974	53	48	52	68	77	70
ENSG00000272787	0	0	0	0	0	0
ENSG00000099977	460	465	499	66	65	66
ENSG00000250470	0	0	0	0	0	0
ENSG00000099984	0	0	0	2	1	0
ENSG00000224205	0	0	0	0	0	0
ENSG00000276950	0	0	0	0	0	0
ENSG00000235689	0	0	0	0	0	0
ENSG00000099991	184	191	187	298	287	294
ENSG00000232545	0	0	0	0	0	0
ENSG00000099994	984	986	1010	237	244	226
ENSG00000099998	4804	4790	4872	222	227	221
ENSG00000230712	0	0	0	0	0	1
ENSG00000128262	0	0	0	0	0	0
ENSG00000225098	0	0	0	0	0	0
ENSG00000215464	0	0	0	0	0	0
ENSG00000100014	137	115	123	54	56	47
ENSG00000258555	1	2	0	0	2	0
ENSG00000128271	77	78	77	65	67	68
ENSG00000178803	0	0	0	0	0	0
ENSG00000100024	205	217	205	3097	3090	3102
ENSG00000228923	0	0	0	0	0	0
ENSG00000138867	1145	1143	1144	188	192	187
ENSG00000100028	1612	1615	1613	255	250	246
ENSG00000100031	85	87	76	110	98	105
ENSG00000178026	397	392	403	211	219	215
ENSG00000230947	0	0	0	0	0	0
ENSG00000215481	0	0	0	0	0	0
ENSG00000224124	0	0	0	0	0	0
ENSG00000224806	0	0	0	0	0	0
ENSG00000224334	0	0	0	0	0	0
ENSG00000282012	0	0	0	0	0	0
ENSG00000237601	0	0	0	0	0	0
ENSG00000182351	0	0	0	0	0	0
ENSG00000184571	362	360	369	102	99	98
ENSG00000167037	103	103	105	137	135	139
ENSG00000199783	0	0	0	0	0	0
ENSG00000206069	1932	1952	1957	262	272	269
ENSG00000197077	98	93	98	343	350	342
ENSG00000279085	0	0	0	0	0	0
ENSG00000279548	0	0	0	0	0	0
ENSG00000279006	0	0	0	0	0	0
ENSG00000279110	0	0	0	0	0	0
ENSG00000203280	0	0	0	0	0	0
ENSG00000271181	0	0	0	0	0	0
ENSG00000100053	104	104	114	178	181	177
ENSG00000236641	0	0	0	0	0	0
ENSG00000244752	774	759	751	238	236	224
ENSG00000279298	0	0	0	0	0	0
ENSG00000233577	0	0	0	0	0	0
ENSG00000206066	0	0	0	0	0	0
ENSG00000230637	0	0	0	0	0	0
ENSG00000231466	0	0	0	0	0	0
ENSG00000100068	218	213	221	327	328	320
ENSG00000272942	0	0	0	0	0	0
ENSG00000272798	0	0	0	0	0	0
ENSG00000271138	0	0	0	0	0	0
ENSG00000100058	0	0	0	0	0	0
ENSG00000277872	0	0	0	0	0	0
ENSG00000272977	0	0	0	0	0	0
ENSG00000234884	0	0	0	0	0	0
ENSG00000100077	224	220	224	216	216	218
ENSG00000237387	0	0	0	0	0	0
ENSG00000224003	0	0	0	0	0	0
ENSG00000222585	0	0	0	0	0	0
ENSG00000133454	191	184	194	954	967	957
ENSG00000278960	0	0	0	0	0	0
ENSG00000231933	0	0	0	0	0	0
ENSG00000232464	0	0	0	0	0	0
ENSG00000223056	0	0	0	0	0	0
ENSG00000232050	0	0	0	0	0	0
ENSG00000236464	0	0	0	0	0	0
ENSG00000229770	0	0	0	0	0	0
ENSG00000100095	0	0	0	0	0	0
ENSG00000224192	0	0	0	0	0	0
ENSG00000252267	0	0	0	0	0	0
ENSG00000230203	0	0	0	0	0	0
ENSG00000128203	389	403	388	219	220	225
ENSG00000100099	912	887	883	250	260	254
ENSG00000100104	174	172	179	114	110	106
ENSG00000100109	217	217	216	70	73	73
ENSG00000261188	0	0	0	0	0	0
ENSG00000128294	215	235	230	861	899	904
ENSG00000221760	0	0	0	0	0	0
ENSG00000213707	0	0	0	0	0	0
ENSG00000100122	649	651	647	205	197	195
ENSG00000196431	205	213	214	574	580	575
ENSG00000226912	0	0	0	0	0	0
ENSG00000225783	0	0	0	0	0	0
ENSG00000278404	0	0	0	0	0	0
ENSG00000206028	0	0	0	0	0	0
ENSG00000277941	0	0	0	0	0	0
ENSG00000275942	0	0	0	0	0	0
ENSG00000244625	0	0	0	0	0	0
ENSG00000276991	0	0	0	0	0	0
ENSG00000223704	0	0	0	0	0	0
ENSG00000231369	0	0	0	0	0	0
ENSG00000235271	0	0	0	0	0	0
ENSG00000279440	0	0	0	0	0	0
ENSG00000200443	0	0	0	0	0	0
ENSG00000279914	0	0	0	0	0	0
ENSG00000279848	0	0	0	0	0	0
ENSG00000236858	0	0	0	0	0	0
ENSG00000280025	0	0	0	0	0	0
ENSG00000231405	0	0	0	0	0	0
ENSG00000238195	0	0	0	0	0	0
ENSG00000233521	0	0	0	0	0	0
ENSG00000233574	0	0	0	0	0	0
ENSG00000223726	0	0	0	0	0	0
ENSG00000226741	0	0	0	0	0	0
ENSG00000230051	0	0	0	0	0	0
ENSG00000280445	0	0	0	0	0	0
ENSG00000227880	0	0	0	0	0	0
ENSG00000224027	0	0	0	0	0	0
ENSG00000227838	0	0	0	0	0	0
ENSG00000231495	0	0	0	0	0	0
ENSG00000226169	0	0	0	0	0	0
ENSG00000169184	168	158	170	136	139	145
ENSG00000180957	273	277	269	227	235	242
ENSG00000235954	0	0	0	0	0	0
ENSG00000277460	0	0	0	0	0	0
ENSG00000264073	0	0	0	0	0	0
ENSG00000283225	0	0	0	0	0	0
ENSG00000276150	0	0	0	0	0	0
ENSG00000100154	204	186	197	195	188	199
ENSG00000274342	0	0	0	0	0	0
ENSG00000276675	0	0	0	0	0	0
ENSG00000239249	0	0	0	0	0	0
ENSG00000201209	0	0	0	0	0	0
ENSG00000199797	0	0	0	0	0	0
ENSG00000276162	0	0	0	0	0	0
ENSG00000266503	0	0	0	0	0	0
ENSG00000183765	114	118	109	105	101	102
ENSG00000100209	261	254	253	87	85	93
ENSG00000159873	126	117	120	220	221	218
ENSG00000100219	2513	2510	2511	227	239	227
ENSG00000226471	0	0	0	0	0	0
ENSG00000272858	0	0	0	0	0	0
ENSG00000224256	0	0	0	0	0	0
ENSG00000183579	296	297	289	174	161	167
ENSG00000235786	0	0	0	0	0	0
ENSG00000177993	0	0	0	0	0	0
ENSG00000100249	168	169	163	170	168	178
ENSG00000183762	874	860	884	135	133	141
ENSG00000226772	0	0	0	0	0	0
ENSG00000200871	0	0	0	0	0	0
ENSG00000251952	0	0	0	0	0	0
ENSG00000186998	72	75	78	90	86	94
ENSG00000100263	281	279	281	279	280	277
ENSG00000237015	0	0	0	0	0	0
ENSG00000182944	1271	1265	1276	212	202	207
ENSG00000185340	253	266	272	513	496	515
ENSG00000100276	0	0	0	0	0	0
ENSG00000273216	0	0	0	0	0	0
ENSG00000100280	0	0	0	0	0	0
ENSG00000280968	0	0	0	0	0	0
ENSG00000239127	0	0	0	0	0	0
ENSG00000242156	0	0	0	0	0	0
ENSG00000278292	0	0	0	0	0	0
ENSG00000225465	0	0	0	0	0	0
ENSG00000274457	0	0	0	0	0	0
ENSG00000128250	2029	2031	2032	182	169	177
ENSG00000282816	0	0	0	0	0	0
ENSG00000100285	625	617	616	187	193	187
ENSG00000100296	184	187	174	116	104	112
ENSG00000234208	0	0	0	0	0	0
ENSG00000184117	541	569	554	196	196	197
ENSG00000186575	143	135	144	253	245	246
ENSG00000233010	0	0	0	0	0	0
ENSG00000232396	0	0	0	0	0	0
ENSG00000239446	0	0	0	0	0	0
ENSG00000100314	149	151	152	145	146	156
ENSG00000100319	173	185	160	301	300	308
ENSG00000200976	0	0	0	0	0	0
ENSG00000184076	230	241	226	2772	2759	2761
ENSG00000100325	207	221	211	352	344	359
ENSG00000100330	291	290	281	542	547	548
ENSG00000207455	0	0	0	0	0	0
ENSG00000279159	0	0	0	0	0	0
ENSG00000275818	0	0	0	0	0	0
ENSG00000227117	0	0	0	0	0	0
ENSG00000227201	0	0	0	0	0	0
ENSG00000176635	0	0	0	0	0	0
ENSG00000226573	0	0	0	0	0	0
ENSG00000225971	0	0	0	0	0	0
ENSG00000225676	0	0	0	0	0	0
ENSG00000232530	0	0	0	0	0	0
ENSG00000128342	202	197	200	193	201	192
ENSG00000268812	0	0	0	0	0	0
ENSG00000099985	116	127	122	438	443	440
ENSG00000279699	0	0	0	0	0	0
ENSG00000239282	58	60	55	143	132	136
ENSG00000248751	0	0	0	0	0	0
ENSG00000099992	662	627	629	155	141	131
ENSG00000099995	0	0	0	0	0	0
ENSG00000187860	164	167	154	204	212	210
ENSG00000099999	141	142	138	493	488	484
ENSG00000100003	0	0	0	0	0	0
ENSG00000249590	0	0	0	0	0	0
ENSG00000273350	0	0	0	0	0	0
ENSG00000222915	0	0	0	0	0	0
ENSG00000272689	0	0	0	0	0	0
ENSG00000242114	1220	1147	1230	88	102	84
ENSG00000273428	0	0	0	0	0	0
ENSG00000230137	0	0	0	0	0	0
ENSG00000100012	103	98	102	173	172	168
ENSG00000181123	0	0	0	0	0	0
ENSG00000214161	0	0	0	0	0	0
ENSG00000133488	239	218	228	316	311	322
ENSG00000214491	0	0	0	0	0	0
ENSG00000225774	0	0	0	0	0	0
ENSG00000128242	243	254	254	211	212	214
ENSG00000100029	0	0	0	0	0	0
ENSG00000223831	0	0	0	0	0	0
ENSG00000185339	314	314	323	155	151	143
ENSG00000100036	282	269	276	249	271	258
ENSG00000167065	245	251	248	339	331	345
ENSG00000250318	0	0	0	0	0	0
ENSG00000184792	252	253	265	256	241	245
ENSG00000264661	0	0	0	0	0	0
ENSG00000237977	0	0	0	0	0	0
ENSG00000235989	0	0	0	0	0	0
ENSG00000133422	193	183	187	115	111	120
ENSG00000253352	0	0	0	0	0	0
ENSG00000276664	0	0	0	0	0	0
ENSG00000276057	0	0	0	0	0	0
ENSG00000276965	0	0	0	0	0	0
ENSG00000275307	0	0	0	0	0	0
ENSG00000269987	0	0	0	0	0	0
ENSG00000269972	0	0	0	0	0	0
ENSG00000278920	0	0	0	0	0	0
ENSG00000240186	0	0	0	0	0	0
ENSG00000183963	3738	3721	3735	259	247	264
ENSG00000273387	0	0	0	0	0	0
ENSG00000198832	273	292	285	649	657	631
ENSG00000235573	0	0	0	0	0	0
ENSG00000185133	364	381	379	284	284	276
ENSG00000100078	251	248	248	298	293	295
ENSG00000214125	0	0	0	0	0	0
ENSG00000264141	0	0	0	0	0	0
ENSG00000138942	800	806	800	95	103	96
ENSG00000254835	0	0	0	0	0	0
ENSG00000182541	0	0	0	0	0	0
ENSG00000199695	0	0	0	0	0	0
ENSG00000202019	0	0	0	0	0	0
ENSG00000100100	164	154	162	147	144	144
ENSG00000228839	0	0	0	0	0	0
ENSG00000212542	0	0	0	0	0	0
ENSG00000100105	113	106	113	1282	1280	1287
ENSG00000213888	0	0	0	0	0	0
ENSG00000206615	0	0	0	0	0	0
ENSG00000185721	349	353	354	63	65	66
ENSG00000184708	272	268	276	83	73	83
ENSG00000240591	0	0	0	0	0	0
ENSG00000199248	0	0	0	0	0	0
ENSG00000198089	0	0	0	0	0	0
ENSG00000233733	0	0	0	0	0	0
ENSG00000229169	0	0	0	0	0	0
ENSG00000214093	0	0	0	0	0	0
ENSG00000241878	73	70	69	74	78	74
ENSG00000183530	53	47	49	731	720	734
ENSG00000100150	105	109	106	94	90	90
ENSG00000242251	0	0	0	0	0	0
ENSG00000236132	0	0	0	0	0	0
ENSG00000252909	0	0	0	0	0	0
ENSG00000227813	0	0	0	0	0	0
ENSG00000128254	0	0	0	0	0	0
ENSG00000128245	4161	4167	4168	269	274	284
ENSG00000227519	0	0	0	0	0	0
ENSG00000230866	0	0	0	0	0	0
ENSG00000240647	0	0	0	0	0	0
ENSG00000232346	0	0	0	0	0	0
ENSG00000100170	0	0	0	0	0	0
ENSG00000234479	0	0	0	0	0	0
ENSG00000237439	0	0	0	0	0	0
ENSG00000232707	0	0	0	0	0	0
ENSG00000239674	0	0	0	0	0	0
ENSG00000205856	111	105	113	86	86	78
ENSG00000230120	0	0	0	0	0	0
ENSG00000275656	0	0	0	0	0	0
ENSG00000128253	49	48	54	50	56	49
ENSG00000279219	103	84	102	351	345	352
ENSG00000254127	0	0	0	0	0	0
ENSG00000242082	0	0	0	0	0	0
ENSG00000100191	2421	2477	2459	119	126	121
ENSG00000214076	0	0	0	0	0	0
ENSG00000224050	0	0	0	0	0	0
ENSG00000273325	0	0	0	0	0	0
ENSG00000234626	0	0	0	0	0	0
ENSG00000128276	77	63	71	82	76	77
ENSG00000271093	0	0	0	0	0	0
ENSG00000205853	246	273	262	177	175	188
ENSG00000274617	0	0	0	0	0	0
ENSG00000274170	0	0	0	0	0	0
ENSG00000230736	0	0	0	0	0	0
ENSG00000243519	0	0	0	0	0	0
ENSG00000241954	0	0	0	0	0	0
ENSG00000232218	0	0	0	0	0	0
ENSG00000100220	271	255	264	150	156	151
ENSG00000184459	0	0	0	0	0	0
ENSG00000100225	175	166	164	221	222	222
ENSG00000185666	1572	1558	1568	87	89	94
ENSG00000236054	0	0	0	0	0	0
ENSG00000251890	0	0	0	0	0	0
ENSG00000229673	0	0	0	0	0	0
ENSG00000100234	1367	1362	1358	132	136	133
ENSG00000228194	0	0	0	0	0	0
ENSG00000228622	0	0	0	0	0	0
ENSG00000231253	0	0	0	0	0	0
ENSG00000233632	0	0	0	0	0	0
ENSG00000133424	282	282	280	239	251	237
ENSG00000232073	0	0	0	0	0	0
ENSG00000230741	0	0	0	0	0	0
ENSG00000266012	0	0	0	0	0	0
ENSG00000281295	0	0	0	0	0	0
ENSG00000253007	0	0	0	0	0	0
ENSG00000232081	0	0	0	0	0	0
ENSG00000224973	0	0	0	0	0	0
ENSG00000273082	0	0	0	0	0	0
ENSG00000236052	0	0	0	0	0	0
ENSG00000224404	0	0	0	0	0	0
ENSG00000235485	0	0	0	0	0	2
ENSG00000280356	0	0	0	0	0	0
ENSG00000234891	0	0	0	0	0	0
ENSG00000237316	0	0	0	0	0	0
ENSG00000227895	0	0	0	0	0	0
ENSG00000175329	0	0	0	0	0	0
ENSG00000233080	0	0	0	0	0	0
ENSG00000273068	0	0	0	0	0	0
ENSG00000279184	0	0	0	0	0	0
ENSG00000238153	0	0	0	0	0	0
ENSG00000243453	0	0	0	0	0	0
ENSG00000238584	0	0	0	0	0	0
ENSG00000100281	434	426	429	92	88	91
ENSG00000273176	0	0	0	0	0	0
ENSG00000100284	128	136	135	470	476	466
ENSG00000266320	0	0	0	0	0	0
ENSG00000274280	0	0	0	0	0	0
ENSG00000282602	0	0	0	0	0	0
ENSG00000282041	0	0	0	0	0	0
ENSG00000100292	71	68	72	53	51	52
ENSG00000100297	231	236	229	295	308	307
ENSG00000233388	0	0	0	0	0	0
ENSG00000273044	0	0	0	0	0	0
ENSG00000100302	0	0	0	0	0	0
ENSG00000198125	272	266	276	1902	1895	1907
ENSG00000268818	0	0	0	0	0	0
ENSG00000221963	216	216	220	246	240	250
ENSG00000228587	0	0	0	0	0	0
ENSG00000226336	0	0	0	0	0	0
ENSG00000128313	77	77	75	68	65	67
ENSG00000100320	1812	1811	1802	295	277	280
ENSG00000237406	0	0	0	0	0	0
ENSG00000279652	0	0	0	0	0	0
ENSG00000279927	0	0	0	0	0	0
ENSG00000279217	0	0	0	0	0	0
ENSG00000279714	0	0	0	0	0	0
ENSG00000279805	0	0	0	0	0	0
ENSG00000128284	182	188	185	101	98	102
ENSG00000233764	0	0	0	0	0	0
ENSG00000231576	0	0	0	0	0	0
ENSG00000237948	0	0	0	0	0	0
ENSG00000225557	0	0	0	0	0	0
ENSG00000237129	0	0	0	0	0	0
ENSG00000229088	0	0	0	0	0	0
ENSG00000100336	236	236	229	241	247	221
ENSG00000128335	0	0	0	0	0	0
ENSG00000100342	140	137	144	849	843	855
ENSG00000100345	0	0	0	0	0	0
ENSG00000278420	0	0	0	0	0	0
ENSG00000223695	0	0	0	0	0	0
ENSG00000237668	0	0	0	0	0	0
ENSG00000252225	0	0	0	0	0	0
ENSG00000228719	0	0	0	0	0	0
ENSG00000100348	163	154	167	1175	1177	1161
ENSG00000100350	84	84	89	247	251	247
ENSG00000100353	238	239	252	834	864	864
ENSG00000188078	0	0	0	0	0	0
ENSG00000229971	0	0	0	0	0	0
ENSG00000261675	0	0	0	0	0	0
ENSG00000166862	275	283	294	436	428	436
ENSG00000234688	0	0	0	0	0	0
ENSG00000100360	153	166	171	235	237	237
ENSG00000100362	882	886	885	120	123	123
ENSG00000234979	0	0	0	0	0	0
ENSG00000183822	0	0	0	0	0	0
ENSG00000100365	196	207	203	393	403	407
ENSG00000100368	203	203	205	177	167	178
ENSG00000232254	0	0	0	0	0	0
ENSG00000215403	0	0	0	0	0	0
ENSG00000185264	201	189	200	400	415	407
ENSG00000128311	426	429	419	241	246	244
ENSG00000252412	0	0	0	0	0	0
ENSG00000128309	253	251	261	114	114	118
ENSG00000100379	108	116	115	857	856	854
ENSG00000201078	0	0	0	0	0	0
ENSG00000187045	231	233	217	353	366	354
ENSG00000231467	0	0	0	0	0	0
ENSG00000100385	195	198	194	702	705	714
ENSG00000235237	0	0	0	0	0	0
ENSG00000133466	696	704	710	285	278	285
ENSG00000278195	1593	1588	1597	198	184	195
ENSG00000226233	0	0	0	0	0	0
ENSG00000128340	314	296	292	251	245	250
ENSG00000100055	292	292	280	330	332	333
ENSG00000243902	0	0	0	0	0	0
ENSG00000237862	0	0	0	0	0	0
ENSG00000166897	261	251	267	438	438	419
ENSG00000272694	0	0	0	0	0	0
ENSG00000100060	77	72	76	1348	1359	1362
ENSG00000100065	193	213	215	275	265	261
ENSG00000225867	0	0	0	0	0	0
ENSG00000128283	216	226	219	216	232	224
ENSG00000100079	187	189	184	540	535	538
ENSG00000273866	0	0	0	0	0	0
ENSG00000100083	213	215	215	3638	3627	3630
ENSG00000100092	275	278	284	248	245	258
ENSG00000233360	0	0	0	0	0	0
ENSG00000241360	205	207	193	39	44	33
ENSG00000241333	0	0	0	0	0	0
ENSG00000100097	822	815	818	67	68	70
ENSG00000273899	70	54	69	39	27	34
ENSG00000100101	0	0	0	0	0	0
ENSG00000100106	1113	1054	1076	157	154	187
ENSG00000189060	288	302	298	261	265	263
ENSG00000100116	110	114	108	272	266	267
ENSG00000128310	139	129	134	223	228	226
ENSG00000100124	239	245	242	521	509	507
ENSG00000207696	0	0	0	0	0	0
ENSG00000100129	79	79	71	43	46	43
ENSG00000279738	0	0	0	0	0	0
ENSG00000207227	0	0	0	0	0	0
ENSG00000100139	916	923	914	255	242	261
ENSG00000278948	0	0	0	0	0	0
ENSG00000128346	110	110	105	89	83	85
ENSG00000279010	0	0	0	0	0	0
ENSG00000272582	0	0	0	0	0	0
ENSG00000100142	0	0	0	0	0	0
ENSG00000100146	131	126	135	482	473	487
ENSG00000222044	0	0	0	0	0	0
ENSG00000273214	0	0	0	0	0	0
ENSG00000100151	0	0	0	0	0	0
ENSG00000233739	0	0	0	0	0	0
ENSG00000100156	2950	2951	2944	151	156	154
ENSG00000128298	404	397	394	258	263	261
ENSG00000272720	0	0	0	0	0	0
ENSG00000184381	164	157	161	587	604	592
ENSG00000279080	0	0	0	0	0	0
ENSG00000185022	145	140	146	151	141	144
ENSG00000198792	0	0	0	0	0	0
ENSG00000235246	0	0	0	0	0	0
ENSG00000241693	0	0	0	0	0	0
ENSG00000277385	0	0	0	0	0	0
ENSG00000213923	155	154	160	312	307	309
ENSG00000244627	0	0	0	0	0	0
ENSG00000229955	0	0	0	0	0	0
ENSG00000228620	0	0	0	0	0	0
ENSG00000168135	121	127	127	91	91	93
ENSG00000100196	947	946	950	95	90	88
ENSG00000100201	124	124	122	447	448	446
ENSG00000100206	193	195	201	162	180	176
ENSG00000224279	0	0	0	0	0	0
ENSG00000184949	1584	1599	1585	256	255	245
ENSG00000100211	102	99	100	83	84	82
ENSG00000230912	0	0	0	0	0	0
ENSG00000228274	0	0	0	0	0	0
ENSG00000100216	126	124	129	105	98	104
ENSG00000100221	2022	2036	2030	134	123	130
ENSG00000100226	906	905	899	179	169	177
ENSG00000229598	0	0	0	0	0	0
ENSG00000100242	218	203	203	400	404	394
ENSG00000244491	0	0	0	0	0	0
ENSG00000230149	0	0	0	0	0	0
ENSG00000273096	0	0	0	0	0	0
ENSG00000225450	0	0	0	0	0	0
ENSG00000272669	0	0	0	0	0	0
ENSG00000273076	0	0	0	0	0	0
ENSG00000100246	240	238	234	123	123	117
ENSG00000221890	147	147	142	136	132	131
ENSG00000183741	224	219	228	817	823	818
ENSG00000235209	0	0	0	0	0	0
ENSG00000128383	473	475	479	255	256	262
ENSG00000179750	120	145	129	76	73	75
ENSG00000249310	0	0	0	0	0	0
ENSG00000244509	294	279	295	6077	6071	6079
ENSG00000243811	63	73	56	154	158	139
ENSG00000128394	87	86	91	78	94	67
ENSG00000239713	0	0	0	0	0	0
ENSG00000259421	0	0	0	0	0	0
ENSG00000225720	0	0	0	0	0	0
ENSG00000100298	831	823	829	236	235	235
ENSG00000100307	76	72	65	115	121	118
ENSG00000226024	0	0	0	0	0	0
ENSG00000279833	0	0	0	0	0	0
ENSG00000227009	0	0	0	0	0	0
ENSG00000100311	184	183	172	591	593	595
ENSG00000224794	0	0	0	0	0	0
ENSG00000100316	0	0	0	0	0	0
ENSG00000209480	0	0	0	0	0	0
ENSG00000209482	0	0	0	0	0	0
ENSG00000263764	0	0	0	0	0	0
ENSG00000100321	230	234	235	220	212	224
ENSG00000280216	0	0	0	0	0	0
ENSG00000100324	2114	2105	2114	200	204	200
ENSG00000128268	918	916	919	103	109	112
ENSG00000227188	0	0	0	0	0	0
ENSG00000100335	254	277	269	2433	2428	2433
ENSG00000128272	250	246	250	562	555	566
ENSG00000187051	0	0	0	0	0	0
ENSG00000100346	0	0	0	0	0	0
ENSG00000176177	175	176	168	206	194	211
ENSG00000235647	0	0	0	0	0	0
ENSG00000238875	0	0	0	0	0	0
ENSG00000226085	0	0	0	0	0	0
ENSG00000100351	152	151	151	97	94	92
ENSG00000225528	0	0	0	0	0	0
ENSG00000133477	244	255	258	206	210	222
ENSG00000261202	0	0	0	0	0	0
ENSG00000100354	80	79	81	67	70	70
ENSG00000228599	0	0	0	0	0	0
ENSG00000239900	247	251	250	242	238	247
ENSG00000100359	91	84	91	368	372	372
ENSG00000229999	0	0	0	0	0	0
ENSG00000196588	558	551	555	311	283	313
ENSG00000272834	0	0	0	0	0	0
ENSG00000227413	0	0	0	0	0	0
ENSG00000232564	0	0	0	0	0	0
ENSG00000172912	0	0	0	0	0	0
ENSG00000230071	0	0	0	0	0	0
ENSG00000231907	0	0	0	0	0	0
ENSG00000128285	374	363	375	167	164	159
ENSG00000100372	96	91	89	90	88	83
ENSG00000230769	0	0	0	0	0	0
ENSG00000233603	0	0	0	0	0	0
ENSG00000266594	0	0	0	0	0	0
ENSG00000100380	91	88	92	255	265	262
ENSG00000196236	310	306	311	951	937	954
ENSG00000172404	226	248	232	485	497	494
ENSG00000273979	0	0	0	0	0	0
ENSG00000200683	0	0	0	0	0	0
ENSG00000100387	1007	1005	996	284	282	272
ENSG00000222698	0	0	0	0	0	0
ENSG00000237214	0	0	0	0	0	0
ENSG00000199515	0	0	0	0	0	0
ENSG00000213857	0	0	0	0	0	0
ENSG00000100393	173	179	185	249	254	253
ENSG00000252859	0	0	0	0	0	0
ENSG00000232754	0	0	0	0	0	0
ENSG00000231993	0	0	0	0	0	0
ENSG00000215771	0	0	0	0	0	0
ENSG00000100395	288	290	291	135	142	142
ENSG00000235513	0	0	0	0	0	0
ENSG00000100399	78	78	79	270	268	266
ENSG00000100401	1297	1309	1294	141	144	147
ENSG00000274552	0	0	0	0	0	0
ENSG00000100403	81	81	82	165	163	164
ENSG00000167074	316	299	314	1100	1122	1117
ENSG00000199865	0	0	0	0	0	0
ENSG00000273424	0	0	0	0	0	0
ENSG00000183864	364	372	370	262	253	247
ENSG00000100410	137	121	145	123	127	126
ENSG00000100412	98	97	92	201	188	193
ENSG00000100413	434	441	434	52	54	58
ENSG00000172346	668	658	668	202	198	192
ENSG00000100417	178	176	179	85	83	80
ENSG00000100418	130	131	131	209	215	209
ENSG00000196419	1729	1721	1727	283	294	290
ENSG00000200332	0	0	0	0	0	0
ENSG00000100138	90	99	88	494	496	497
ENSG00000207457	0	0	0	0	0	0
ENSG00000184208	427	406	415	169	170	174
ENSG00000167077	150	149	161	244	249	244
ENSG00000231261	0	0	0	0	0	0
ENSG00000252603	0	0	0	0	0	0
ENSG00000206813	0	0	0	0	0	0
ENSG00000100147	185	192	181	352	360	357
ENSG00000184068	0	0	0	0	0	0
ENSG00000198911	303	312	323	1169	1159	1162
ENSG00000207932	0	0	0	0	0	0
ENSG00000234965	0	0	0	0	0	0
ENSG00000159958	2952	2961	2964	192	180	201
ENSG00000100162	927	906	923	82	86	83
ENSG00000205704	0	0	0	0	0	0
ENSG00000100167	245	236	232	250	238	239
ENSG00000224883	0	0	0	0	0	0
ENSG00000183066	288	296	294	295	282	280
ENSG00000215347	0	0	0	0	0	0
ENSG00000198951	849	852	852	123	123	124
ENSG00000177096	0	0	0	0	0	0
ENSG00000238498	0	0	0	0	0	0
ENSG00000183172	4405	4416	4420	220	222	221
ENSG00000184983	1297	1302	1311	96	91	90
ENSG00000270083	0	0	0	0	0	0
ENSG00000237037	0	0	0	0	0	0
ENSG00000213790	0	0	0	0	0	0
ENSG00000100197	65	71	74	79	75	71
ENSG00000227370	0	0	0	0	0	0
ENSG00000232710	0	0	0	0	0	0
ENSG00000281538	0	0	0	0	0	0
ENSG00000205702	0	0	0	0	0	0
ENSG00000226450	0	0	0	0	0	0
ENSG00000100207	115	124	116	133	136	131
ENSG00000182057	0	0	0	0	0	0
ENSG00000233903	0	0	0	0	0	0
ENSG00000273366	0	0	0	0	0	0
ENSG00000229891	0	0	0	0	0	0
ENSG00000235568	97	92	95	67	67	68
ENSG00000230107	0	0	0	0	0	0
ENSG00000172250	0	0	0	0	0	0
ENSG00000189306	160	162	143	320	319	309
ENSG00000183569	109	116	98	17	13	15
ENSG00000182841	0	0	0	0	0	0
ENSG00000202058	0	0	0	0	0	0
ENSG00000251913	0	0	0	0	0	0
ENSG00000100227	134	135	136	97	97	93
ENSG00000276027	0	0	0	0	0	0
ENSG00000270022	0	0	0	0	0	0
ENSG00000100243	79	77	76	87	86	85
ENSG00000249222	0	0	0	0	0	0
ENSG00000128274	98	99	96	60	59	58
ENSG00000200448	0	0	0	0	0	0
ENSG00000234009	0	0	0	0	0	0
ENSG00000229608	0	0	0	0	0	0
ENSG00000274717	0	0	0	0	0	0
ENSG00000242247	167	172	165	2675	2664	2634
ENSG00000100266	356	360	349	93	110	87
ENSG00000226989	0	0	0	0	0	0
ENSG00000230319	0	0	0	0	0	0
ENSG00000100271	128	142	137	85	95	92
ENSG00000234735	0	0	0	0	0	0
ENSG00000100290	61	56	59	208	210	208
ENSG00000100294	105	106	104	57	56	60
ENSG00000100300	204	205	210	164	171	171
ENSG00000100304	198	199	199	194	194	199
ENSG00000159307	250	250	252	130	128	133
ENSG00000236272	0	0	0	0	0	0
ENSG00000234892	0	0	0	0	0	0
ENSG00000203527	0	0	0	0	0	0
ENSG00000236117	0	0	0	0	0	0
ENSG00000186732	1615	1604	1603	311	299	303
ENSG00000223843	0	0	0	0	0	0
ENSG00000186976	223	219	234	210	216	212
ENSG00000233157	0	0	0	0	0	0
ENSG00000180150	0	0	0	0	0	0
ENSG00000261251	0	0	0	0	0	0
ENSG00000130540	61	62	64	65	58	65
ENSG00000100341	0	0	0	0	0	0
ENSG00000100344	463	457	462	143	150	142
ENSG00000100347	202	217	212	1676	1658	1681
ENSG00000224856	0	0	0	0	0	0
ENSG00000188677	871	878	858	73	76	79
ENSG00000279175	0	0	0	0	0	0
ENSG00000280434	0	0	0	0	0	0
ENSG00000138964	4052	4035	4042	293	291	296
ENSG00000279933	0	0	0	0	0	0
ENSG00000280011	0	0	0	0	0	0
ENSG00000138944	178	171	188	229	232	233
ENSG00000220702	0	0	0	0	0	0
ENSG00000236079	0	0	0	0	0	0
ENSG00000232655	0	0	0	0	0	0
ENSG00000228807	0	0	0	0	0	0
ENSG00000279642	0	0	0	0	0	0
ENSG00000188636	232	234	230	124	128	128
ENSG00000215333	0	0	0	0	0	0
ENSG00000187012	0	0	0	0	0	0
ENSG00000234300	0	0	0	0	0	0
ENSG00000231801	0	0	0	0	0	0
ENSG00000186654	47	49	45	76	62	66
ENSG00000248405	0	0	0	0	0	0
ENSG00000241484	8	11	12	29	31	18
ENSG00000056487	96	100	92	55	52	50
ENSG00000223730	0	0	0	0	0	0
ENSG00000230922	0	0	0	0	0	0
ENSG00000226328	0	0	0	0	0	0
ENSG00000273243	0	0	0	0	0	0
ENSG00000093000	244	243	240	307	291	291
ENSG00000273353	0	0	0	0	0	0
ENSG00000100364	206	199	207	221	219	210
ENSG00000221598	0	0	0	0	0	0
ENSG00000273287	0	0	0	0	0	0
ENSG00000213752	0	0	0	0	0	0
ENSG00000100373	292	290	298	597	587	591
ENSG00000100376	184	175	186	215	223	229
ENSG00000077935	52	54	53	76	73	77
ENSG00000128408	288	285	301	308	316	328
ENSG00000232363	0	0	0	0	0	0
ENSG00000077942	85	83	82	92	93	92
ENSG00000238120	0	0	0	0	0	0
ENSG00000251985	0	0	0	0	0	0
ENSG00000280383	0	0	0	0	0	0
ENSG00000130638	218	228	219	209	201	227
ENSG00000264160	0	0	0	0	0	0
ENSG00000235347	0	0	0	0	0	0
ENSG00000279954	0	0	0	0	0	0
ENSG00000235091	0	0	0	0	0	0
ENSG00000188064	235	234	240	212	197	204
ENSG00000280424	0	0	0	0	0	0
ENSG00000273145	0	0	0	0	0	0
ENSG00000231711	0	0	0	0	0	0
ENSG00000182257	148	154	151	180	180	168
ENSG00000273289	0	0	0	0	0	0
ENSG00000241990	0	0	0	0	0	0
ENSG00000197182	0	0	0	0	0	0
ENSG00000231010	0	0	0	0	0	0
ENSG00000235159	0	0	0	0	0	0
ENSG00000266533	0	0	0	0	0	0
ENSG00000186951	168	161	170	618	620	614
ENSG00000280384	0	0	0	0	0	0
ENSG00000205643	197	205	207	1443	1453	1446
ENSG00000130943	145	155	143	1777	1766	1767
ENSG00000075234	230	227	229	2237	2247	2231
ENSG00000277232	0	0	0	0	0	0
ENSG00000075218	107	112	102	2329	2342	2329
ENSG00000100416	982	982	985	262	275	274
ENSG00000075275	0	0	0	0	0	0
ENSG00000230634	0	0	0	0	0	0
ENSG00000234869	0	0	0	0	0	0
ENSG00000075240	4177	4169	4169	273	268	261
ENSG00000100422	277	270	264	817	816	812
ENSG00000260708	0	0	0	0	0	0
ENSG00000054611	330	310	315	274	285	281
ENSG00000280080	227	233	221	132	124	131
ENSG00000278881	239	241	258	381	373	377
ENSG00000280312	0	0	0	0	0	0
ENSG00000224715	0	0	0	0	0	0
ENSG00000218357	0	0	0	0	0	0
ENSG00000205634	0	0	0	0	0	0
ENSG00000224271	0	0	0	0	0	0
ENSG00000232897	0	0	0	0	0	0
ENSG00000230345	0	0	0	0	0	0
ENSG00000279712	0	0	0	0	0	0
ENSG00000235154	0	0	0	0	0	0
ENSG00000278890	0	0	0	0	0	0
ENSG00000238192	0	0	0	0	0	0
ENSG00000229275	0	0	0	0	0	0
ENSG00000266508	0	0	0	0	0	0
ENSG00000233179	0	0	0	0	0	0
ENSG00000219438	349	349	343	96	97	93
ENSG00000281732	0	0	0	0	0	0
ENSG00000266887	0	0	0	0	0	0
ENSG00000205632	0	0	0	0	0	0
ENSG00000226142	0	0	0	0	0	0
ENSG00000280199	0	0	0	0	0	0
ENSG00000188511	0	0	0	0	0	0
ENSG00000280224	0	0	0	0	0	0
ENSG00000279597	0	0	0	0	0	0
ENSG00000264139	0	0	0	0	0	0
ENSG00000212939	0	0	0	0	0	0
ENSG00000213279	0	0	0	0	0	0
ENSG00000235111	0	0	0	0	0	0
ENSG00000226954	0	0	0	0	0	0
ENSG00000223142	0	0	0	0	0	0
ENSG00000214727	0	0	0	0	0	0
ENSG00000100425	0	0	0	0	0	0
ENSG00000279345	0	0	0	0	0	0
ENSG00000236867	0	0	0	0	0	0
ENSG00000260613	0	0	0	0	0	0
ENSG00000229409	0	0	0	0	0	0
ENSG00000277771	0	0	0	0	0	0
ENSG00000279494	0	0	0	0	0	0
ENSG00000100426	99	92	92	168	169	164
ENSG00000182858	218	211	227	1527	1552	1560
ENSG00000273192	0	0	0	0	0	0
ENSG00000184164	164	165	168	200	208	203
ENSG00000278869	0	0	0	0	0	0
ENSG00000198355	247	251	255	131	142	137
ENSG00000276753	0	0	0	0	0	0
ENSG00000188263	370	357	356	198	196	210
ENSG00000138892	780	810	812	233	209	213
ENSG00000100427	244	250	243	117	120	116
ENSG00000073146	325	331	329	59	58	60
ENSG00000280395	0	0	0	0	0	0
ENSG00000073150	217	219	206	1223	1239	1235
ENSG00000170638	371	362	362	230	220	222
ENSG00000273188	0	0	0	0	0	0
ENSG00000273253	0	0	0	0	0	0
ENSG00000073169	156	151	156	143	145	143
ENSG00000272836	0	0	0	0	0	0
ENSG00000273137	0	0	0	0	0	0
ENSG00000128159	175	167	173	234	231	234
ENSG00000100429	20	14	21	19	32	23
ENSG00000188130	900	892	879	63	68	60
ENSG00000185386	286	276	272	94	95	104
ENSG00000196576	161	163	156	591	596	578
ENSG00000205593	0	0	0	0	0	0
ENSG00000227484	0	0	0	0	0	0
ENSG00000279182	0	0	0	0	0	0
ENSG00000100239	953	948	955	171	161	169
ENSG00000100241	557	549	543	192	172	175
ENSG00000128165	198	206	193	229	223	231
ENSG00000100253	277	279	257	970	981	984
ENSG00000100258	3953	3970	3990	265	262	273
ENSG00000025770	0	0	0	0	0	0
ENSG00000130489	152	149	147	404	407	401
ENSG00000272821	0	0	0	0	0	0
ENSG00000025708	0	0	0	0	0	0
ENSG00000177989	133	130	117	195	180	182
ENSG00000272666	0	0	0	0	0	0
ENSG00000273272	0	0	0	0	0	0
ENSG00000226738	0	0	0	0	0	0
ENSG00000130487	0	0	0	0	0	0
ENSG00000217442	4490	4484	4508	202	222	204
ENSG00000205560	5	2	4	18	10	10
ENSG00000254413	0	0	0	0	0	0
ENSG00000100288	20	26	13	7	5	4
ENSG00000205559	0	0	0	0	0	0
ENSG00000272940	0	0	0	0	0	0
ENSG00000008735	236	244	238	1597	1610	1595
ENSG00000100299	295	312	312	899	904	914
ENSG00000212569	0	0	0	0	0	0
ENSG00000251322	296	289	279	726	721	719
ENSG00000206841	0	0	0	0	0	0
ENSG00000225929	0	0	0	0	0	0
ENSG00000100312	285	270	284	526	525	548
ENSG00000254499	0	0	0	0	0	0
ENSG00000213683	0	0	0	0	0	0
ENSG00000184319	0	0	0	0	0	0
ENSG00000079974	167	165	157	182	174	176
ERCC-00002	0	0	0	0	0	0
ERCC-00003	0	0	0	0	0	0
ERCC-00004	0	0	0	0	0	0
ERCC-00009	0	0	0	0	0	0
ERCC-00012	0	0	0	0	0	0
ERCC-00013	0	0	0	0	0	0
ERCC-00014	0	0	0	0	0	0
ERCC-00016	0	0	0	0	0	0
ERCC-00017	0	0	0	0	0	0
ERCC-00019	0	0	0	0	0	0
ERCC-00022	0	0	0	0	0	0
ERCC-00024	0	0	0	0	0	0
ERCC-00025	0	0	0	0	0	0
ERCC-00028	0	0	0	0	0	0
ERCC-00031	0	0	0	0	0	0
ERCC-00033	0	0	0	0	0	0
ERCC-00034	0	0	0	0	0	0
ERCC-00035	0	0	0	0	0	0
ERCC-00039	0	0	0	0	0	0
ERCC-00040	0	0	0	0	0	0
ERCC-00041	0	0	0	0	0	0
ERCC-00042	0	0	0	0	0	0
ERCC-00043	0	0	0	0	0	0
ERCC-00044	0	0	0	0	0	0
ERCC-00046	0	0	0	0	0	0
ERCC-00048	0	0	0	0	0	0
ERCC-00051	0	0	0	0	0	0
ERCC-00053	0	0	0	0	0	0
ERCC-00054	0	0	0	0	0	0
ERCC-00057	0	0	0	0	0	0
ERCC-00058	0	0	0	0	0	0
ERCC-00059	0	0	0	0	0	0
ERCC-00060	0	0	0	0	0	0
ERCC-00061	0	0	0	0	0	0
ERCC-00062	0	0	0	0	0	0
ERCC-00067	0	0	0	0	0	0
ERCC-00069	0	0	0	0	0	0
ERCC-00071	0	0	0	0	0	0
ERCC-00073	0	0	0	0	0	0
ERCC-00074	0	0	0	0	0	0
ERCC-00075	0	0	0	0	0	0
ERCC-00076	0	0	0	0	0	0
ERCC-00077	0	0	0	0	0	0
ERCC-00078	0	0	0	0	0	0
ERCC-00079	0	0	0	0	0	0
ERCC-00081	0	0	0	0	0	0
ERCC-00083	0	0	0	0	0	0
ERCC-00084	0	0	0	0	0	0
ERCC-00085	0	0	0	0	0	0
ERCC-00086	0	0	0	0	0	0
ERCC-00092	0	0	0	0	0	0
ERCC-00095	0	0	0	0	0	0
ERCC-00096	0	0	0	0	0	0
ERCC-00097	0	0	0	0	0	0
ERCC-00098	0	0	0	0	0	0
ERCC-00099	0	0	0	0	0	0
ERCC-00104	0	0	0	0	0	0
ERCC-00108	0	0	0	0	0	0
ERCC-00109	0	0	0	0	0	0
ERCC-00111	0	0	0	0	0	0
ERCC-00112	0	0	0	0	0	0
ERCC-00113	0	0	0	0	0	0
ERCC-00116	0	0	0	0	0	0
ERCC-00117	0	0	0	0	0	0
ERCC-00120	0	0	0	0	0	0
ERCC-00123	0	0	0	0	0	0
ERCC-00126	0	0	0	0	0	0
ERCC-00130	0	0	0	0	0	0
ERCC-00131	0	0	0	0	0	0
ERCC-00134	0	0	0	0	0	0
ERCC-00136	0	0	0	0	0	0
ERCC-00137	0	0	0	0	0	0
ERCC-00138	0	0	0	0	0	0
ERCC-00142	0	0	0	0	0	0
ERCC-00143	0	0	0	0	0	0
ERCC-00144	0	0	0	0	0	0
ERCC-00145	0	0	0	0	0	0
ERCC-00147	0	0	0	0	0	0
ERCC-00148	0	0	0	0	0	0
ERCC-00150	0	0	0	0	0	0
ERCC-00154	0	0	0	0	0	0
ERCC-00156	0	0	0	0	0	0
ERCC-00157	0	0	0	0	0	0
ERCC-00158	0	0	0	0	0	0
ERCC-00160	0	0	0	0	0	0
ERCC-00162	0	0	0	0	0	0
ERCC-00163	0	0	0	0	0	0
ERCC-00164	0	0	0	0	0	0
ERCC-00165	0	0	0	0	0	0
ERCC-00168	0	0	0	0	0	0
ERCC-00170	0	0	0	0	0	0
ERCC-00171	0	0	0	0	0	0
